MHC_padre <- c("B*58:01", "B*13:01")
MHC_madre <- c("A*23:01", "A*29:02")






